R 
48.000	160.000	32.000	336.000	0
Tile 
9	2	368.000	112.000	1	1	
Tile 
9	2	368.000	128.000	1	1	
R 
48.000	160.000	528.000	336.000	0
Tile 
9	2	512.000	112.000	1	1	
Tile 
9	2	864.000	112.000	1	1	
Tile 
9	2	512.000	128.000	1	1	
Tile 
9	2	864.000	128.000	1	1	
Tile 
9	2	704.000	208.000	1	1	
Tile 
9	2	720.000	208.000	1	1	
Tile 
9	2	736.000	208.000	1	1	
R 
48.000	160.000	1024.000	336.000	0
Enemy 
1	0	170	5	0.000	1.000	1328.000	80.000	0	0	0.000	0.000
Enemy 
3	0	70	3	0.000	3.000	1072.000	144.000	0	0	0.000	0.000
Enemy 
0	0	100	2	-0.000	-0.500	1136.000	192.000	0	0	-3.000	0.000
Tile 
9	2	1008.000	112.000	1	1	
Tile 
9	2	1008.000	128.000	1	1	
R 
448.000	160.000	32.000	336.000	0
Tile 
1	0	368.000	512.000	1	1	
Tile 
1	0	368.000	528.000	1	1	
R 
448.000	160.000	528.000	336.000	0
Tile 
9	2	704.000	432.000	1	1	
Tile 
9	2	720.000	432.000	1	1	
Tile 
9	2	736.000	432.000	1	1	
Tile 
9	2	512.000	512.000	1	1	
Tile 
9	2	512.000	528.000	1	1	
Tile 
9	2	704.000	608.000	1	1	
Tile 
9	2	720.000	608.000	1	1	
Tile 
9	2	736.000	608.000	1	1	
R 
848.000	160.000	528.000	336.000	0
Enemy 
0	0	70	2	0.000	0.500	576.000	976.000	0	0	3.000	0.000
Enemy 
0	0	70	2	0.000	0.500	832.000	880.000	0	0	-3.000	0.000
Enemy 
3	0	40	3	-0.000	-2.000	736.000	976.000	0	0	0.000	0.000
Tile 
9	2	704.000	832.000	1	1	
Tile 
9	2	720.000	832.000	1	1	
Tile 
9	2	736.000	832.000	1	1	
Tile 
9	2	864.000	912.000	1	1	
Tile 
9	2	864.000	928.000	1	1	
R 
848.000	160.000	1024.000	336.000	0
Enemy 
1	0	150	3	0.000	1.500	1056.000	880.000	0	0	0.000	0.000
Enemy 
3	0	90	3	0.000	1.500	1344.000	976.000	0	0	0.000	0.000
Enemy 
3	0	105	3	0.000	1.500	1344.000	880.000	0	0	0.000	0.000
Enemy 
1	0	120	3	0.000	1.500	1056.000	976.000	0	0	0.000	0.000
Tile 
9	2	1008.000	912.000	1	1	
Tile 
9	2	1360.000	912.000	1	1	
Tile 
9	2	1008.000	928.000	1	1	
Tile 
9	2	1360.000	928.000	1	1	
R 
848.000	160.000	1520.000	336.000	0
Enemy 
3	0	120	3	0.000	1.500	1696.000	928.000	0	0	0.000	0.000
Enemy 
2	0	100	3	0.000	1.500	1696.000	928.000	0	0	0.000	0.000
Enemy 
1	0	160	3	0.000	1.500	1824.000	864.000	0	0	0.000	0.000
Enemy 
1	0	140	3	0.000	1.500	1824.000	976.000	0	0	0.000	0.000
Tile 
9	2	1504.000	912.000	1	1	
Tile 
9	2	1504.000	928.000	1	1	
Player 
0.000	0.000	2	354	760.000	124.000	0	0	